0,218
2,5
0,217
1,3
315,4
0,5
0,216
315,5
315,2
315,0
315,9
315,3
333,3264
333,4309
333,4308
333,4307
333,4306
333,4305
333,4304
333,4303
333,4302
333,4301
333,4300
333,4299
333,4298
333,4297
333,4296
333,4295
333,4294
333,4293
333,4292
333,4291
333,4290
333,4289
333,4288
333,4287
333,4286
333,4285
333,4284
333,4283
333,4282
333,4281
333,4280
333,4279
333,4278
333,4277
333,4276
333,4275
333,4274
333,4273
333,4272
333,4271
333,4270
333,4269
333,4268
333,4267
333,4266
333,4265
333,4264
333,4263
333,4262
333,4261
333,4260
333,4259
333,4258
333,4257
333,4256
333,4255
333,4254
333,4253
333,4252
333,4251
333,4250
333,4249
333,4248
333,4247
333,4246
333,4245
333,4244
333,4243
333,4242
333,4241
333,4240
333,4239
333,4238
333,4237
333,4236
333,4235
333,4234
333,4233
333,4232
333,4231
333,4230
333,4229
333,4228
333,4227
333,4226
333,4225
333,4224
333,4223
333,4222
333,4221
333,4220
333,4219
333,4218
333,4217
333,4216
333,4215
333,4214
333,4213
333,4212
333,4211
333,4210
333,4209
333,4208
333,4207
333,4206
333,4205
333,4204
333,4203
333,4202
333,4201
333,4200
333,4199
333,4198
333,4197
333,4196
333,4195
333,4194
333,4193
333,4192
333,4191
333,4190
333,4189
333,4188
333,4187
333,4186
333,4185
333,4184
333,4183
333,4182
333,4181
333,4180
333,4179
333,4178
333,4177
333,4176
333,4175
333,4174
333,4173
333,4172
333,4171
333,4170
333,4169
333,4168
333,4167
333,4166
333,4165
333,4164
333,4163
333,4162
333,4161
333,4160
333,4159
333,4158
333,4157
333,4156
333,4155
333,4154
333,4153
333,4152
333,4151
333,4150
333,4149
333,4148
333,4147
333,4146
333,4145
333,4144
333,4143
333,4142
333,4141
333,4140
333,4139
333,4138
333,4137
333,4136
333,4135
333,4134
333,4133
333,4132
333,4131
333,4130
333,4129
333,3328
333,4353
333,4355
333,4354
333,4358
333,4357
333,4356
333,4363
333,4362
333,4361
333,4360
333,4359
333,4372
333,4371
333,4370
333,4369
333,4368
333,4367
333,4366
333,4365
333,4364
333,4390
333,4389
333,4388
333,4387
333,4386
333,4385
333,4384
333,4383
333,4382
333,4381
333,4380
333,4379
333,4378
333,4377
333,4376
333,4375
333,4374
333,4373
333,4424
333,4423
333,4422
333,4421
333,4420
333,4419
333,4418
333,4417
333,4416
333,4415
333,4414
333,4413
333,4412
333,4411
333,4410
333,4409
333,4408
333,4407
333,4406
333,4405
333,4404
333,4403
333,4402
333,4401
333,4400
333,4399
333,4398
333,4397
333,4396
333,4395
333,4394
333,4393
333,4392
333,4391
333,4450
333,4449
333,4448
333,4447
333,4446
333,4445
333,4444
333,4443
333,4442
333,4441
333,4440
333,4439
333,4438
333,4437
333,4436
333,4435
333,4434
333,4433
333,4432
333,4431
333,4430
333,4429
333,4428
333,4427
333,4426
333,4425
333,4351
333,4350
333,4349
333,4348
333,4347
333,4346
333,4345
333,4344
333,4343
333,4342
333,4341
333,4340
333,4339
333,4338
333,4337
333,4336
333,4335
333,4334
333,4333
333,4332
333,4331
333,4330
333,4329
333,4328
333,4327
333,4326
333,4325
333,4324
333,4323
333,4322
333,4321
333,4320
333,4319
333,4318
333,4317
333,4316
333,4315
333,4314
333,4313
333,4312
333,4311
333,4310
333,4585
333,4584
333,4583
333,4582
333,4581
333,4580
333,4579
333,4578
333,4577
333,4576
333,4575
333,4574
333,4573
333,4572
333,4571
333,4570
333,4569
333,4568
333,4567
333,4566
333,4565
333,4564
333,4563
333,4562
333,4561
333,4560
333,4559
333,4558
333,4557
333,4556
333,4555
333,4554
333,4553
333,4552
333,4551
333,4550
333,4549
333,4548
333,4547
333,4546
333,4545
333,4544
333,4543
333,4542
333,4541
333,4540
333,4539
333,4538
333,4537
333,4536
333,4535
333,4534
333,4533
333,4532
333,4531
333,4530
333,4529
333,4528
333,4527
333,4526
333,4525
333,4524
333,4523
333,4522
333,4521
333,4520
333,4519
333,4518
333,4517
333,4516
333,4515
333,4514
333,4513
333,4512
333,4511
333,4510
333,4509
333,4508
333,4507
333,4506
333,4505
333,4504
333,4503
333,4502
333,4501
333,4500
333,4499
333,4498
333,4497
333,4496
333,4495
333,4494
333,4493
333,4492
333,4491
333,4490
333,4489
333,4488
333,4487
333,4486
333,4485
333,4484
333,4483
333,4482
333,4481
333,4480
333,4479
333,4478
333,4477
333,4476
333,4475
333,4474
333,4473
333,4472
333,4471
333,4470
333,4469
333,4468
333,4467
333,4466
333,4465
333,4464
333,4463
333,4462
333,4461
333,4460
333,4459
333,4458
333,4457
333,4456
333,4455
333,4454
333,4453
333,4452
333,4451
333,4855
333,4854
333,4853
333,4852
333,4851
333,4850
333,4849
333,4848
333,4847
333,4846
333,4845
333,4844
333,4843
333,4842
333,4841
333,4840
333,4839
333,4838
333,4837
333,4836
333,4835
333,4834
333,4833
333,4832
333,4831
333,4830
333,4829
333,4828
333,4827
333,4826
333,4825
333,4824
333,4823
333,4822
333,4821
333,4820
333,4819
333,4818
333,4817
333,4816
333,4815
333,4814
333,4813
333,4812
333,4811
333,4810
333,4809
333,4808
333,4807
333,4806
333,4805
333,4804
333,4803
333,4802
333,4801
333,4800
333,4799
333,4798
333,4797
333,4796
333,4795
333,4794
333,4793
333,4792
333,4791
333,4790
333,4789
333,4788
333,4787
333,4786
333,4785
333,4784
333,4783
333,4782
333,4781
333,4780
333,4779
333,4778
333,4777
333,4776
333,4775
333,4774
333,4773
333,4772
333,4771
333,4770
333,4769
333,4768
333,4767
333,4766
333,4765
333,4764
333,4763
333,4762
333,4761
333,4760
333,4759
333,4758
333,4757
333,4756
333,4755
333,4754
333,4753
333,4752
333,4751
333,4750
333,4749
333,4748
333,4747
333,4746
333,4745
333,4744
333,4743
333,4742
333,4741
333,4740
333,4739
333,4738
333,4737
333,4736
333,4735
333,4734
333,4733
333,4732
333,4731
333,4730
333,4729
333,4728
333,4727
333,4726
333,4725
333,4724
333,4723
333,4722
333,4721
333,4720
333,4719
333,4718
333,4717
333,4716
333,4715
333,4714
333,4713
333,4712
333,4711
333,4710
333,4709
333,4708
333,4707
333,4706
333,4705
333,4704
333,4703
333,4702
333,4701
333,4700
333,4699
333,4698
333,4697
333,4696
333,4695
333,4694
333,4693
333,4692
333,4691
333,4690
333,4689
333,4688
333,4687
333,4686
333,4685
333,4684
333,4683
333,4682
333,4681
333,4680
333,4679
333,4678
333,4677
333,4676
333,4675
333,4674
333,4673
333,4672
333,4671
333,4670
333,4669
333,4668
333,4667
333,4666
333,4665
333,4664
333,4663
333,4662
333,4661
333,4660
333,4659
333,4658
333,4657
333,4656
333,4655
333,4654
333,4653
333,4652
333,4651
333,4650
333,4649
333,4648
333,4647
333,4646
333,4645
333,4644
333,4643
333,4642
333,4641
333,4640
333,4639
333,4638
333,4637
333,4636
333,4635
333,4634
333,4633
333,4632
333,4631
333,4630
333,4629
333,4628
333,4627
333,4626
333,4625
333,4624
333,4623
333,4622
333,4621
333,4620
333,4619
333,4618
333,4617
333,4616
333,4615
333,4614
333,4613
333,4612
333,4611
333,4610
333,4609
333,4608
333,4607
333,4606
333,4605
333,4604
333,4603
333,4602
333,4601
333,4600
333,4599
333,4598
333,4597
333,4596
333,4595
333,4594
333,4593
333,4592
333,4591
333,4590
333,4589
333,4588
333,4587
333,4586
333,5394
333,5393
333,5392
333,5391
333,5390
333,5389
333,5388
333,5387
333,5386
333,5385
333,5384
333,5383
333,5382
333,5381
333,5380
333,5379
333,5378
333,5377
333,5376
333,5375
333,5374
333,5373
333,5372
333,5371
333,5370
333,5369
333,5368
333,5367
333,5366
333,5365
333,5364
333,5363
333,5362
333,5361
333,5360
333,5359
333,5358
333,5357
333,5356
333,5355
333,5354
333,5353
333,5352
333,5351
333,5350
333,5349
333,5348
333,5347
333,5346
333,5345
333,5344
333,5343
333,5342
333,5341
333,5340
333,5339
333,5338
333,5337
333,5336
333,5335
333,5334
333,5333
333,5332
333,5331
333,5330
333,5329
333,5328
333,5327
333,5326
333,5325
333,5324
333,5323
333,5322
333,5321
333,5320
333,5319
333,5318
333,5317
333,5316
333,5315
333,5314
333,5313
333,5312
333,5311
333,5310
333,5309
333,5308
333,5307
333,5306
333,5305
333,5304
333,5303
333,5302
333,5301
333,5300
333,5299
333,5298
333,5297
333,5296
333,5295
333,5294
333,5293
333,5292
333,5291
333,5290
333,5289
333,5288
333,5287
333,5286
333,5285
333,5284
333,5283
333,5282
333,5281
333,5280
333,5279
333,5278
333,5277
333,5276
333,5275
333,5274
333,5273
333,5272
333,5271
333,5270
333,5269
333,5268
333,5267
333,5266
333,5265
333,5264
333,5263
333,5262
333,5261
333,5260
333,5259
333,5258
333,5257
333,5256
333,5255
333,5254
333,5253
333,5252
333,5251
333,5250
333,5249
333,5248
333,5247
333,5246
333,5245
333,5244
333,5243
333,5242
333,5241
333,5240
333,5239
333,5238
333,5237
333,5236
333,5235
333,5234
333,5233
333,5232
333,5231
333,5230
333,5229
333,5228
333,5227
333,5226
333,5225
333,5224
333,5223
333,5222
333,5221
333,5220
333,5219
333,5218
333,5217
333,5216
333,5215
333,5214
333,5213
333,5212
333,5211
333,5210
333,5209
333,5208
333,5207
333,5206
333,5205
333,5204
333,5203
333,5202
333,5201
333,5200
333,5199
333,5198
333,5197
333,5196
333,5195
333,5194
333,5193
333,5192
333,5191
333,5190
333,5189
333,5188
333,5187
333,5186
333,5185
333,5184
333,5183
333,5182
333,5181
333,5180
333,5179
333,5178
333,5177
333,5176
333,5175
333,5174
333,5173
333,5172
333,5171
333,5170
333,5169
333,5168
333,5167
333,5166
333,5165
333,5164
333,5163
333,5162
333,5161
333,5160
333,5159
333,5158
333,5157
333,5156
333,5155
333,5154
333,5153
333,5152
333,5151
333,5150
333,5149
333,5148
333,5147
333,5146
333,5145
333,5144
333,5143
333,5142
333,5141
333,5140
333,5139
333,5138
333,5137
333,5136
333,5135
333,5134
333,5133
333,5132
333,5131
333,5130
333,5129
333,5128
333,5127
333,5126
333,5125
333,5124
333,5123
333,5122
333,5121
333,5120
333,5119
333,5118
333,5117
333,5116
333,5115
333,5114
333,5113
333,5112
333,5111
333,5110
333,5109
333,5108
333,5107
333,5106
333,5105
333,5104
333,5103
333,5102
333,5101
333,5100
333,5099
333,5098
333,5097
333,5096
333,5095
333,5094
333,5093
333,5092
333,5091
333,5090
333,5089
333,5088
333,5087
333,5086
333,5085
333,5084
333,5083
333,5082
333,5081
333,5080
333,5079
333,5078
333,5077
333,5076
333,5075
333,5074
333,5073
333,5072
333,5071
333,5070
333,5069
333,5068
333,5067
333,5066
333,5065
333,5064
333,5063
333,5062
333,5061
333,5060
333,5059
333,5058
333,5057
333,5056
333,5055
333,5054
333,5053
333,5052
333,5051
333,5050
333,5049
333,5048
333,5047
333,5046
333,5045
333,5044
333,5043
333,5042
333,5041
333,5040
333,5039
333,5038
333,5037
333,5036
333,5035
333,5034
333,5033
333,5032
333,5031
333,5030
333,5029
333,5028
333,5027
333,5026
333,5025
333,5024
333,5023
333,5022
333,5021
333,5020
333,5019
333,5018
333,5017
333,5016
333,5015
333,5014
333,5013
333,5012
333,5011
333,5010
333,5009
333,5008
333,5007
333,5006
333,5005
333,5004
333,5003
333,5002
333,5001
333,5000
333,4999
333,4998
333,4997
333,4996
333,4995
333,4994
333,4993
333,4992
333,4991
333,4990
333,4989
333,4988
333,4987
333,4986
333,4985
333,4984
333,4983
333,4982
333,4981
333,4980
333,4979
333,4978
333,4977
333,4976
333,4975
333,4974
333,4973
333,4972
333,4971
333,4970
333,4969
333,4968
333,4967
333,4966
333,4965
333,4964
333,4963
333,4962
333,4961
333,4960
333,4959
333,4958
333,4957
333,4956
333,4955
333,4954
333,4953
333,4952
333,4951
333,4950
333,4949
333,4948
333,4947
333,4946
333,4945
333,4944
333,4943
333,4942
333,4941
333,4940
333,4939
333,4938
333,4937
333,4936
333,4935
333,4934
333,4933
333,4932
333,4931
333,4930
333,4929
333,4928
333,4927
333,4926
333,4925
333,4924
333,4923
333,4922
333,4921
333,4920
333,4919
333,4918
333,4917
333,4916
333,4915
333,4914
333,4913
333,4912
333,4911
333,4910
333,4909
333,4908
333,4907
333,4906
333,4905
333,4904
333,4903
333,4902
333,4901
333,4900
333,4899
333,4898
333,4897
333,4896
333,4895
333,4894
333,4893
333,4892
333,4891
333,4890
333,4889
333,4888
333,4887
333,4886
333,4885
333,4884
333,4883
333,4882
333,4881
333,4880
333,4879
333,4878
333,4877
333,4876
333,4875
333,4874
333,4873
333,4872
333,4871
333,4870
333,4869
333,4868
333,4867
333,4866
333,4865
333,4864
333,4863
333,4862
333,4861
333,4860
333,4859
333,4858
333,4857
333,4856
333,4352
333,5441
333,5443
333,5442
333,5446
333,5445
333,5444
333,5451
333,5450
333,5449
333,5448
333,5447
333,5460
333,5459
333,5458
333,5457
333,5456
333,5455
333,5454
333,5453
333,5452
333,5477
333,5476
333,5475
333,5474
333,5473
333,5472
333,5471
333,5470
333,5469
333,5468
333,5467
333,5466
333,5465
333,5464
333,5463
333,5462
333,5461
333,5510
333,5509
333,5508
333,5507
333,5506
333,5505
333,5504
333,5503
333,5502
333,5501
333,5500
333,5499
333,5498
333,5497
333,5496
333,5495
333,5494
333,5493
333,5492
333,5491
333,5490
333,5489
333,5488
333,5487
333,5486
333,5485
333,5484
333,5483
333,5482
333,5481
333,5480
333,5479
333,5478
333,5531
333,5530
333,5529
333,5528
333,5527
333,5526
333,5525
333,5524
333,5523
333,5522
333,5521
333,5520
333,5519
333,5518
333,5517
333,5516
333,5515
333,5514
333,5513
333,5512
333,5511
333,5439
333,5438
333,5437
333,5436
333,5435
333,5434
333,5433
333,5432
333,5431
333,5430
333,5429
333,5428
333,5427
333,5426
333,5425
333,5424
333,5423
333,5422
333,5421
333,5420
333,5419
333,5418
333,5417
333,5416
333,5415
333,5414
333,5413
333,5412
333,5411
333,5410
333,5409
333,5408
333,5407
333,5406
333,5405
333,5404
333,5403
333,5402
333,5401
333,5400
333,5399
333,5398
333,5397
333,5396
333,5395
333,5662
333,5661
333,5660
333,5659
333,5658
333,5657
333,5656
333,5655
333,5654
333,5653
333,5652
333,5651
333,5650
333,5649
333,5648
333,5647
333,5646
333,5645
333,5644
333,5643
333,5642
333,5641
333,5640
333,5639
333,5638
333,5637
333,5636
333,5635
333,5634
333,5633
333,5632
333,5631
333,5630
333,5629
333,5628
333,5627
333,5626
333,5625
333,5624
333,5623
333,5622
333,5621
333,5620
333,5619
333,5618
333,5617
333,5616
333,5615
333,5614
333,5613
333,5612
333,5611
333,5610
333,5609
333,5608
333,5607
333,5606
333,5605
333,5604
333,5603
333,5602
333,5601
333,5600
333,5599
333,5598
333,5597
333,5596
333,5595
333,5594
333,5593
333,5592
333,5591
333,5590
333,5589
333,5588
333,5587
333,5586
333,5585
333,5584
333,5583
333,5582
333,5581
333,5580
333,5579
333,5578
333,5577
333,5576
333,5575
333,5574
333,5573
333,5572
333,5571
333,5570
333,5569
333,5568
333,5567
333,5566
333,5565
333,5564
333,5563
333,5562
333,5561
333,5560
333,5559
333,5558
333,5557
333,5556
333,5555
333,5554
333,5553
333,5552
333,5551
333,5550
333,5549
333,5548
333,5547
333,5546
333,5545
333,5544
333,5543
333,5542
333,5541
333,5540
333,5539
333,5538
333,5537
333,5536
333,5535
333,5534
333,5533
333,5532
333,5924
333,5923
333,5922
333,5921
333,5920
333,5919
333,5918
333,5917
333,5916
333,5915
333,5914
333,5913
333,5912
333,5911
333,5910
333,5909
333,5908
333,5907
333,5906
333,5905
333,5904
333,5903
333,5902
333,5901
333,5900
333,5899
333,5898
333,5897
333,5896
333,5895
333,5894
333,5893
333,5892
333,5891
333,5890
333,5889
333,5888
333,5887
333,5886
333,5885
333,5884
333,5883
333,5882
333,5881
333,5880
333,5879
333,5878
333,5877
333,5876
333,5875
333,5874
333,5873
333,5872
333,5871
333,5870
333,5869
333,5868
333,5867
333,5866
333,5865
333,5864
333,5863
333,5862
333,5861
333,5860
333,5859
333,5858
333,5857
333,5856
333,5855
333,5854
333,5853
333,5852
333,5851
333,5850
333,5849
333,5848
333,5847
333,5846
333,5845
333,5844
333,5843
333,5842
333,5841
333,5840
333,5839
333,5838
333,5837
333,5836
333,5835
333,5834
333,5833
333,5832
333,5831
333,5830
333,5829
333,5828
333,5827
333,5826
333,5825
333,5824
333,5823
333,5822
333,5821
333,5820
333,5819
333,5818
333,5817
333,5816
333,5815
333,5814
333,5813
333,5812
333,5811
333,5810
333,5809
333,5808
333,5807
333,5806
333,5805
333,5804
333,5803
333,5802
333,5801
333,5800
333,5799
333,5798
333,5797
333,5796
333,5795
333,5794
333,5793
333,5792
333,5791
333,5790
333,5789
333,5788
333,5787
333,5786
333,5785
333,5784
333,5783
333,5782
333,5781
333,5780
333,5779
333,5778
333,5777
333,5776
333,5775
333,5774
333,5773
333,5772
333,5771
333,5770
333,5769
333,5768
333,5767
333,5766
333,5765
333,5764
333,5763
333,5762
333,5761
333,5760
333,5759
333,5758
333,5757
333,5756
333,5755
333,5754
333,5753
333,5752
333,5751
333,5750
333,5749
333,5748
333,5747
333,5746
333,5745
333,5744
333,5743
333,5742
333,5741
333,5740
333,5739
333,5738
333,5737
333,5736
333,5735
333,5734
333,5733
333,5732
333,5731
333,5730
333,5729
333,5728
333,5727
333,5726
333,5725
333,5724
333,5723
333,5722
333,5721
333,5720
333,5719
333,5718
333,5717
333,5716
333,5715
333,5714
333,5713
333,5712
333,5711
333,5710
333,5709
333,5708
333,5707
333,5706
333,5705
333,5704
333,5703
333,5702
333,5701
333,5700
333,5699
333,5698
333,5697
333,5696
333,5695
333,5694
333,5693
333,5692
333,5691
333,5690
333,5689
333,5688
333,5687
333,5686
333,5685
333,5684
333,5683
333,5682
333,5681
333,5680
333,5679
333,5678
333,5677
333,5676
333,5675
333,5674
333,5673
333,5672
333,5671
333,5670
333,5669
333,5668
333,5667
333,5666
333,5665
333,5664
333,5663
333,5440
333,3
333,38925
333,38924
333,38923
333,38922
333,38921
333,38920
333,38919
333,38918
333,38917
333,38916
333,38915
333,38914
333,38913
333,38912
333,38911
333,38910
333,38909
333,38908
333,38907
333,38906
333,38905
333,38904
333,38903
333,38902
333,38901
333,38900
333,38899
333,38898
333,38897
333,38896
333,38895
333,38894
333,38893
333,38892
333,38891
333,38890
333,38889
333,38888
333,38887
333,38886
333,38885
333,38884
333,38883
333,38882
333,38881
333,38880
333,38879
333,38878
333,38877
333,38876
333,38875
333,38874
333,38873
333,38872
333,38871
333,38870
333,38869
333,38868
333,38867
333,38866
333,38865
333,38864
333,38863
333,38862
333,38861
333,38860
333,38859
333,38858
333,38857
333,38856
333,38855
333,38854
333,38853
333,38852
333,38851
333,38850
333,38849
333,38848
333,38847
333,38846
333,38845
333,38844
333,38843
333,38842
333,38841
333,38840
333,38839
333,38838
333,38837
333,38836
333,38835
333,38834
333,38833
333,38832
333,38831
333,38830
333,38829
333,38828
333,38827
333,38826
333,38825
333,38824
333,38823
333,38822
333,38821
333,38820
333,38819
333,38818
333,38817
333,38816
333,38815
333,38814
333,38813
333,38812
333,38811
333,38810
333,38809
333,38808
333,38807
333,38806
333,38805
333,38804
333,38803
333,38802
333,38801
333,38800
333,38799
333,38798
333,38797
333,38796
333,38795
333,38794
333,38793
333,38792
333,38791
333,38790
333,38789
333,38788
333,38787
333,38786
333,38785
333,38784
333,38783
333,38782
333,38781
333,38780
333,38779
333,38778
333,38777
333,38776
333,38775
333,38774
333,38773
333,38772
333,38771
333,38770
333,38769
333,38768
333,38767
333,38766
333,38765
333,38764
333,38763
333,38762
333,38761
333,38760
333,38759
333,38758
333,38757
333,38756
333,38755
333,38754
333,38753
333,38752
333,38751
333,38750
333,38749
333,38748
333,38747
333,38746
333,38745
333,38744
333,38743
333,38742
333,38741
333,38740
333,38739
333,38738
333,38737
333,38736
333,38735
333,38734
333,38733
333,38732
333,38731
333,38730
333,38729
333,38728
333,38727
333,38726
333,38725
333,38724
333,38723
333,38722
333,38721
333,38720
333,38719
333,38718
333,38717
333,38716
333,38715
333,38714
333,38713
333,38712
333,38711
333,38710
333,38709
333,38708
333,38707
333,38706
333,38705
333,38704
333,38703
333,38702
333,38701
333,38700
333,38699
333,38698
333,38697
333,38696
333,38695
333,38694
333,38693
333,38692
333,38691
333,38690
333,38689
333,38688
333,38687
333,38686
333,38685
333,38684
333,38683
333,38682
333,38681
333,38680
333,38679
333,38678
333,38677
333,38676
333,38675
333,38674
333,38673
333,38672
333,38671
333,38670
333,38669
333,38668
333,38667
333,38666
333,38665
333,38664
333,38663
333,38662
333,38661
333,38660
333,38659
333,38658
333,38657
333,38656
333,38655
333,38654
333,38653
333,38652
333,38651
333,38650
333,38649
333,38648
333,38647
333,38646
333,38645
333,38644
333,38643
333,38642
333,38641
333,38640
333,38639
333,38638
333,38637
333,38636
333,38635
333,38634
333,38633
333,38632
333,38631
333,38630
333,38629
333,38628
333,38627
333,38626
333,38625
333,38624
333,38623
333,38622
333,38621
333,38620
333,38619
333,38618
333,38617
333,38616
333,38615
333,38614
333,38613
333,38612
333,38611
333,38610
333,38609
333,38608
333,38607
333,38606
333,38605
333,38604
333,38603
333,38602
333,38601
333,38600
333,38599
333,38598
333,38597
333,38596
333,38595
333,38594
333,38593
333,38592
333,38591
333,38590
333,38589
333,38588
333,38587
333,38586
333,38585
333,38584
333,38583
333,38582
333,38581
333,38580
333,38579
333,38578
333,38577
333,38576
333,38575
333,38574
333,38573
333,38572
333,38571
333,38570
333,38569
333,38568
333,38567
333,38566
333,38565
333,38564
333,38563
333,38562
333,38561
333,38560
333,38559
333,38558
333,38557
333,38556
333,38555
333,38554
333,38553
333,38552
333,38551
333,38550
333,38549
333,38548
333,38547
333,38546
333,38545
333,38544
333,38543
333,38542
333,38541
333,38540
333,38539
333,38538
333,38537
333,38536
333,38535
333,38534
333,38533
333,38532
333,38531
333,38530
333,38529
333,38528
333,38527
333,38526
333,38525
333,38524
333,38523
333,38522
333,38521
333,38520
333,38519
333,38518
333,38517
333,38516
333,38515
333,38514
333,38513
333,38512
333,38511
333,38510
333,38509
333,38508
333,38507
333,38506
333,38505
333,38504
333,38503
333,38502
333,38501
333,38500
333,38499
333,38498
333,38497
333,38496
333,38495
333,38494
333,38493
333,38492
333,38491
333,38490
333,38489
333,38488
333,38487
333,38486
333,38485
333,38484
333,38483
333,38482
333,38481
333,38480
333,38479
333,38478
333,38477
333,38476
333,38475
333,38474
333,38473
333,38472
333,38471
333,38470
333,38469
333,38468
333,38467
333,38466
333,38465
333,38464
333,38463
333,38462
333,38461
333,38460
333,38459
333,38458
333,38457
333,38456
333,38455
333,38454
333,38453
333,38452
333,38451
333,38450
333,38449
333,38448
333,38447
333,38446
333,38445
333,38444
333,38443
333,38442
333,38441
333,38440
333,38439
333,38438
333,38437
333,38436
333,38435
333,38434
333,38433
333,38432
333,38431
333,38430
333,38429
333,38428
333,38427
333,38426
333,38425
333,38424
333,38423
333,38422
333,38421
333,38420
333,38419
333,38418
333,38417
333,38416
333,38415
333,38414
333,38413
333,38412
333,38411
333,38410
333,38409
333,38408
333,38407
333,38406
333,38405
333,38404
333,38403
333,38402
333,38401
333,38400
333,38399
333,38398
333,38397
333,38396
333,38395
333,38394
333,38393
333,38392
333,38391
333,38390
333,38389
333,38388
333,38387
333,38386
333,38385
333,38384
333,38383
333,38382
333,38381
333,38380
333,38379
333,38378
333,38377
333,38376
333,38375
333,38374
333,38373
333,38372
333,38371
333,38370
333,38369
333,38368
333,38367
333,38366
333,38365
333,38364
333,38363
333,38362
333,38361
333,38360
333,38359
333,38358
333,38357
333,38356
333,38355
333,38354
333,38353
333,38352
333,38351
333,38350
333,38349
333,38348
333,38347
333,38346
333,38345
333,38344
333,38343
333,38342
333,38341
333,38340
333,38339
333,38338
333,38337
333,38336
333,38335
333,38334
333,38333
333,38332
333,38331
333,38330
333,38329
333,38328
333,38327
333,38326
333,38325
333,38324
333,38323
333,38322
333,38321
333,38320
333,38319
333,38318
333,38317
333,38316
333,38315
333,38314
333,38313
333,38312
333,38311
333,38310
333,38309
333,38308
333,38307
333,38306
333,38305
333,38304
333,38303
333,38302
333,38301
333,38300
333,38299
333,38298
333,38297
333,38296
333,38295
333,38294
333,38293
333,38292
333,38291
333,38290
333,38289
333,38288
333,38287
333,38286
333,38285
333,38284
333,38283
333,38282
333,38281
333,38280
333,38279
333,38278
333,38277
333,38276
333,38275
333,38274
333,38273
333,38272
333,38271
333,38270
333,38269
333,38268
333,38267
333,38266
333,38265
333,38264
333,38263
333,38262
333,38261
333,38260
333,38259
333,38258
333,38257
333,38256
333,38255
333,38254
333,38253
333,38252
333,38251
333,38250
333,38249
333,38248
333,38247
333,38246
333,38245
333,38244
333,38243
333,38242
333,38241
333,38240
333,38239
333,38238
333,38237
333,38236
333,38235
333,38234
333,38233
333,38232
333,38231
333,38230
333,38229
333,38228
333,38227
333,38226
333,38225
333,38224
333,38223
333,38222
333,38221
333,38220
333,38219
333,38218
333,38217
333,38216
333,38215
333,38214
333,38213
333,38212
333,38211
333,38210
333,38209
333,38208
333,38207
333,38206
333,38205
333,38204
333,38203
333,38202
333,38201
333,38200
333,38199
333,38198
333,38197
333,38196
333,38195
333,38194
333,38193
333,38192
333,38191
333,38190
333,38189
333,38188
333,38187
333,38186
333,38185
333,38184
333,38183
333,38182
333,38181
333,38180
333,38179
333,38178
333,38177
333,38176
333,38175
333,38174
333,38173
333,38172
333,38171
333,38170
333,38169
333,38168
333,38167
333,38166
333,38165
333,38164
333,38163
333,38162
333,38161
333,38160
333,38159
333,38158
333,38157
333,38156
333,38155
333,38154
333,38153
333,38152
333,38151
333,38150
333,38149
333,38148
333,38147
333,38146
333,38145
333,38144
333,38143
333,38142
333,38141
333,38140
333,38139
333,38138
333,38137
333,38136
333,38135
333,38134
333,38133
333,38132
333,38131
333,38130
333,38129
333,38128
333,38127
333,38126
333,38125
333,38124
333,38123
333,38122
333,38121
333,38120
333,38119
333,38118
333,38117
333,38116
333,38115
333,38114
333,38113
333,38112
333,38111
333,38110
333,38109
333,38108
333,38107
333,38106
333,38105
333,38104
333,38103
333,38102
333,38101
333,38100
333,38099
333,38098
333,38097
333,38096
333,38095
333,38094
333,38093
333,38092
333,38091
333,38090
333,38089
333,38088
333,38087
333,38086
333,38085
333,38084
333,38083
333,38082
333,38081
333,38080
333,38079
333,38078
333,38077
333,38076
333,38075
333,38074
333,38073
333,38072
333,38071
333,38070
333,38069
333,38068
333,38067
333,38066
333,38065
333,38064
333,38063
333,38062
333,38061
333,38060
333,38059
333,38058
333,38057
333,38056
333,38055
333,38054
333,38053
333,38052
333,38051
333,38050
333,38049
333,38048
333,38047
333,38046
333,38045
333,38044
333,38043
333,38042
333,38041
333,38040
333,38039
333,38038
333,38037
333,38036
333,38035
333,38034
333,38033
333,38032
333,38031
333,38030
333,38029
333,38028
333,38027
333,38026
333,38025
333,38024
333,38023
333,38022
333,38021
333,38020
333,38019
333,38018
333,38017
333,38016
333,38015
333,38014
333,38013
333,38012
333,38011
333,38010
333,38009
333,38008
333,38007
333,38006
333,38005
333,38004
333,38003
333,38002
333,38001
333,38000
333,37999
333,37998
333,37997
333,37996
333,37995
333,37994
333,37993
333,37992
333,37991
333,37990
333,37989
333,37988
333,37987
333,37986
333,37985
333,37984
333,37983
333,37982
333,37981
333,37980
333,37979
333,37978
333,37977
333,37976
333,37975
333,37974
333,37973
333,37972
333,37971
333,37970
333,37969
333,37968
333,37967
333,37966
333,37965
333,37964
333,37963
333,37962
333,37961
333,37960
333,37959
333,37958
333,37957
333,37956
333,37955
333,37954
333,37953
333,37952
333,37951
333,37950
333,37949
333,37948
333,37947
333,37946
333,37945
333,37944
333,37943
333,37942
333,37941
333,37940
333,37939
333,37938
333,37937
333,37936
333,37935
333,37934
333,37933
333,37932
333,37931
333,37930
333,37929
333,37928
333,37927
333,37926
333,37925
333,37924
333,37923
333,37922
333,37921
333,37920
333,37919
333,37918
333,37917
333,37916
333,37915
333,37914
333,37913
333,37912
333,37911
333,37910
333,37909
333,37908
333,37907
333,37906
333,37905
333,37904
333,37903
333,37902
333,37901
333,37900
333,37899
333,37898
333,37897
333,37896
333,37895
333,37894
333,37893
333,37892
333,37891
333,37890
333,37889
333,37888
333,37887
333,37886
333,37885
333,37884
333,37883
333,37882
333,37881
333,37880
333,37879
333,37878
333,37877
333,37876
333,37875
333,37874
333,37873
333,37872
333,37871
333,37870
333,37869
333,37868
333,37867
333,37866
333,37865
333,37864
333,37863
333,37862
333,37861
333,37860
333,37859
333,37858
333,37857
333,37856
333,37855
333,37854
333,37853
333,37852
333,37851
333,37850
333,37849
333,37848
333,37847
333,37846
333,37845
333,37844
333,37843
333,37842
333,37841
333,37840
333,37839
333,37838
333,37837
333,37836
333,37835
333,37834
333,37833
333,37832
333,37831
333,37830
333,37829
333,37828
333,37827
333,37826
333,37825
333,37824
333,37823
333,37822
333,37821
333,37820
333,37819
333,37818
333,37817
333,37816
333,37815
333,37814
333,37813
333,37812
333,37811
333,37810
333,37809
333,37808
333,37807
333,37806
333,37805
333,37804
333,37803
333,37802
333,37801
333,37800
333,37799
333,37798
333,37797
333,37796
333,37795
333,37794
333,37793
333,37792
333,37791
333,37790
333,37789
333,37788
333,37787
333,37786
333,37785
333,37784
333,37783
333,37782
333,37781
333,37780
333,37779
333,37778
333,37777
333,37776
333,37775
333,37774
333,37773
333,37772
333,37771
333,37770
333,37769
333,37768
333,37767
333,37766
333,37765
333,37764
333,37763
333,37762
333,37761
333,37760
333,37759
333,37758
333,37757
333,37756
333,37755
333,37754
333,37753
333,37752
333,37751
333,37750
333,37749
333,37748
333,37747
333,37746
333,37745
333,37744
333,37743
333,37742
333,37741
333,37740
333,37739
333,37738
333,37737
333,37736
333,37735
333,37734
333,37733
333,37732
333,37731
333,37730
333,37729
333,37728
333,37727
333,37726
333,37725
333,37724
333,37723
333,37722
333,37721
333,37720
333,37719
333,37718
333,37717
333,37716
333,37715
333,37714
333,37713
333,37712
333,37711
333,37710
333,37709
333,37708
333,37707
333,37706
333,37705
333,37704
333,37703
333,37702
333,37701
333,37700
333,37699
333,37698
333,37697
333,37696
333,37695
333,37694
333,37693
333,37692
333,37691
333,37690
333,37689
333,37688
333,37687
333,37686
333,37685
333,37684
333,37683
333,37682
333,37681
333,37680
333,37679
333,37678
333,37677
333,37676
333,37675
333,37674
333,37673
333,37672
333,37671
333,37670
333,37669
333,37668
333,37667
333,37666
333,37665
333,37664
333,37663
333,37662
333,37661
333,37660
333,37659
333,37658
333,37657
333,37656
333,37655
333,37654
333,37653
333,37652
333,37651
333,37650
333,37649
333,37648
333,37647
333,37646
333,37645
333,37644
333,37643
333,37642
333,37641
333,37640
333,37639
333,37638
333,37637
333,37636
333,37635
333,37634
333,37633
333,37632
333,37631
333,37630
333,37629
333,37628
333,37627
333,37626
333,37625
333,37624
333,37623
333,37622
333,37621
333,37620
333,37619
333,37618
333,37617
333,37616
333,37615
333,37614
333,37613
333,37612
333,37611
333,37610
333,37609
333,37608
333,37607
333,37606
333,37605
333,37604
333,37603
333,37602
333,37601
333,37600
333,37599
333,37598
333,37597
333,37596
333,37595
333,37594
333,37593
333,37592
333,37591
333,37590
333,37589
333,37588
333,37587
333,37586
333,37585
333,37584
333,37583
333,37582
333,37581
333,37580
333,37579
333,37578
333,37577
333,37576
333,37575
333,37574
333,37573
333,37572
333,37571
333,37570
333,37569
333,37568
333,37567
333,37566
333,37565
333,37564
333,37563
333,37562
333,37561
333,37560
333,37559
333,37558
333,37557
333,37556
333,37555
333,37554
333,37553
333,37552
333,37551
333,37550
333,37549
333,37548
333,37547
333,37546
333,37545
333,37544
333,37543
333,37542
333,37541
333,37540
333,37539
333,37538
333,37537
333,37536
333,37535
333,37534
333,37533
333,37532
333,37531
333,37530
333,37529
333,37528
333,37527
333,37526
333,37525
333,37524
333,37523
333,37522
333,37521
333,37520
333,37519
333,37518
333,37517
333,37516
333,37515
333,37514
333,37513
333,37512
333,37511
333,37510
333,37509
333,37508
333,37507
333,37506
333,37505
333,37504
333,37503
333,37502
333,37501
333,37500
333,37499
333,37498
333,37497
333,37496
333,37495
333,37494
333,37493
333,37492
333,37491
333,37490
333,37489
333,37488
333,37487
333,37486
333,37485
333,37484
333,37483
333,37482
333,37481
333,37480
333,37479
333,37478
333,37477
333,37476
333,37475
333,37474
333,37473
333,37472
333,37471
333,37470
333,37469
333,37468
333,37467
333,37466
333,37465
333,37464
333,37463
333,37462
333,37461
333,37460
333,37459
333,37458
333,37457
333,37456
333,37455
333,37454
333,37453
333,37452
333,37451
333,37450
333,37449
333,37448
333,37447
333,37446
333,37445
333,37444
333,37443
333,37442
333,37441
333,37440
333,37439
333,37438
333,37437
333,37436
333,37435
333,37434
333,37433
333,37432
333,37431
333,37430
333,37429
333,37428
333,37427
333,37426
333,37425
333,37424
333,37423
333,37422
333,37421
333,37420
333,37419
333,37418
333,37417
333,37416
333,37415
333,37414
333,37413
333,37412
333,37411
333,37410
333,37409
333,37408
333,37407
333,37406
333,37405
333,37404
333,37403
333,37402
333,37401
333,37400
333,37399
333,37398
333,37397
333,37396
333,37395
333,37394
333,37393
333,37392
333,37391
333,37390
333,37389
333,37388
333,37387
333,37386
333,37385
333,37384
333,37383
333,37382
333,37381
333,37380
333,37379
333,37378
333,37377
333,37376
333,37375
333,37374
333,37373
333,37372
333,37371
333,37370
333,37369
333,37368
333,37367
333,37366
333,37365
333,37364
333,37363
333,37362
333,37361
333,37360
333,37359
333,37358
333,37357
333,37356
333,37355
333,37354
333,37353
333,37352
333,37351
333,37350
333,37349
333,37348
333,37347
333,37346
333,37345
333,37344
333,37343
333,37342
333,37341
333,37340
333,37339
333,37338
333,37337
333,37336
333,37335
333,37334
333,37333
333,37332
333,37331
333,37330
333,37329
333,37328
333,37327
333,37326
333,37325
333,37324
333,37323
333,37322
333,37321
333,37320
333,37319
333,37318
333,37317
333,37316
333,37315
333,37314
333,37313
333,37312
333,37311
333,37310
333,37309
333,37308
333,37307
333,37306
333,37305
333,37304
333,37303
333,37302
333,37301
333,37300
333,37299
333,37298
333,37297
333,37296
333,37295
333,37294
333,37293
333,37292
333,37291
333,37290
333,37289
333,37288
333,37287
333,37286
333,37285
333,37284
333,37283
333,37282
333,37281
333,37280
333,37279
333,37278
333,37277
333,37276
333,37275
333,37274
333,37273
333,37272
333,37271
333,37270
333,37269
333,37268
333,37267
333,37266
333,37265
333,37264
333,37263
333,37262
333,37261
333,37260
333,37259
333,37258
333,37257
333,37256
333,37255
333,37254
333,37253
333,37252
333,37251
333,37250
333,37249
333,37248
333,37247
333,37246
333,37245
333,37244
333,37243
333,37242
333,37241
333,37240
333,37239
333,37238
333,37237
333,37236
333,37235
333,37234
333,37233
333,37232
333,37231
333,37230
333,37229
333,37228
333,37227
333,37226
333,37225
333,37224
333,37223
333,37222
333,37221
333,37220
333,37219
333,37218
333,37217
333,37216
333,37215
333,37214
333,37213
333,37212
333,37211
333,37210
333,37209
333,37208
333,37207
333,37206
333,37205
333,37204
333,37203
333,37202
333,37201
333,37200
333,37199
333,37198
333,37197
333,37196
333,37195
333,37194
333,37193
333,37192
333,37191
333,37190
333,37189
333,37188
333,37187
333,37186
333,37185
333,37184
333,37183
333,37182
333,37181
333,37180
333,37179
333,37178
333,37177
333,37176
333,37175
333,37174
333,37173
333,37172
333,37171
333,37170
333,37169
333,37168
333,37167
333,37166
333,37165
333,37164
333,37163
333,37162
333,37161
333,37160
333,37159
333,37158
333,37157
333,37156
333,37155
333,37154
333,37153
333,37152
333,37151
333,37150
333,37149
333,37148
333,37147
333,37146
333,37145
333,37144
333,37143
333,37142
333,37141
333,37140
333,37139
333,37138
333,37137
333,37136
333,37135
333,37134
333,37133
333,37132
333,37131
333,37130
333,37129
333,37128
333,37127
333,37126
333,37125
333,37124
333,37123
333,37122
333,37121
333,37120
333,37119
333,37118
333,37117
333,37116
333,37115
333,37114
333,37113
333,37112
333,37111
333,37110
333,37109
333,37108
333,37107
333,37106
333,37105
333,37104
333,37103
333,37102
333,37101
333,37100
333,37099
333,37098
333,37097
333,37096
333,37095
333,37094
333,37093
333,37092
333,37091
333,37090
333,37089
333,37088
333,37087
333,37086
333,37085
333,37084
333,37083
333,37082
333,37081
333,37080
333,37079
333,37078
333,37077
333,37076
333,37075
333,37074
333,37073
333,37072
333,37071
333,37070
333,37069
333,37068
333,37067
333,37066
333,37065
333,37064
333,37063
333,37062
333,37061
333,37060
333,37059
333,37058
333,37057
333,37056
333,37055
333,37054
333,37053
333,37052
333,37051
333,37050
333,37049
333,37048
333,37047
333,37046
333,37045
333,37044
333,37043
333,37042
333,37041
333,37040
333,37039
333,37038
333,37037
333,37036
333,37035
333,37034
333,37033
333,37032
333,37031
333,37030
333,37029
333,37028
333,37027
333,37026
333,37025
333,37024
333,37023
333,37022
333,37021
333,37020
333,37019
333,37018
333,37017
333,37016
333,37015
333,37014
333,37013
333,37012
333,37011
333,37010
333,37009
333,37008
333,37007
333,37006
333,37005
333,37004
333,37003
333,37002
333,37001
333,37000
333,36999
333,36998
333,36997
333,36996
333,36995
333,36994
333,36993
333,36992
333,36991
333,36990
333,36989
333,36988
333,36987
333,36986
333,36985
333,36984
333,36983
333,36982
333,36981
333,36980
333,36979
333,36978
333,36977
333,36976
333,36975
333,36974
333,36973
333,36972
333,36971
333,36970
333,36969
333,36968
333,36967
333,36966
333,36965
333,36964
333,36963
333,36962
333,36961
333,36960
333,36959
333,36958
333,36957
333,36956
333,36955
333,36954
333,36953
333,36952
333,36951
333,36950
333,36949
333,36948
333,36947
333,36946
333,36945
333,36944
333,36943
333,36942
333,36941
333,36940
333,36939
333,36938
333,36937
333,36936
333,36935
333,36934
333,36933
333,36932
333,36931
333,36930
333,36929
333,36928
333,36927
333,36926
333,36925
333,36924
333,36923
333,36922
333,36921
333,36920
333,36919
333,36918
333,36917
333,36916
333,36915
333,36914
333,36913
333,36912
333,36911
333,36910
333,36909
333,36908
333,36907
333,36906
333,36905
333,36904
333,36903
333,36902
333,36901
333,36900
333,36899
333,36898
333,36897
333,36896
333,36895
333,36894
333,36893
333,36892
333,36891
333,36890
333,36889
333,36888
333,36887
333,36886
333,36885
333,36884
333,36883
333,36882
333,36881
333,36880
333,36879
333,36878
333,36877
333,36876
333,36875
333,36874
333,36873
333,36872
333,36871
333,36870
333,36869
333,36868
333,36867
333,36866
333,36865
333,36864
333,36863
333,36862
333,36861
333,36860
333,36859
333,36858
333,36857
333,36856
333,36855
333,36854
333,36853
333,36852
333,36851
333,36850
333,36849
333,36848
333,36847
333,36846
333,36845
333,36844
333,36843
333,36842
333,36841
333,36840
333,36839
333,36838
333,36837
333,36836
333,36835
333,36834
333,36833
333,36832
333,36831
333,36830
333,36829
333,36828
333,36827
333,36826
333,36825
333,36824
333,36823
333,36822
333,36821
333,36820
333,36819
333,36818
333,36817
333,36816
333,36815
333,36814
333,36813
333,36812
333,36811
333,36810
333,36809
333,36808
333,36807
333,36806
333,36805
333,36804
333,36803
333,36802
333,36801
333,36800
333,36799
333,36798
333,36797
333,36796
333,36795
333,36794
333,36793
333,36792
333,36791
333,36790
333,36789
333,36788
333,36787
333,36786
333,36785
333,36784
333,36783
333,36782
333,36781
333,36780
333,36779
333,36778
333,36777
333,36776
333,36775
333,36774
333,36773
333,36772
333,36771
333,36770
333,36769
333,36768
333,36767
333,36766
333,36765
333,36764
333,36763
333,36762
333,36761
333,36760
333,36759
333,36758
333,36757
333,36756
333,36755
333,36754
333,36753
333,36752
333,36751
333,36750
333,36749
333,36748
333,36747
333,36746
333,36745
333,36744
333,36743
333,36742
333,36741
333,36740
333,36739
333,36738
333,36737
333,36736
333,36735
333,36734
333,36733
333,36732
333,36731
333,36730
333,36729
333,36728
333,36727
333,36726
333,36725
333,36724
333,36723
333,36722
333,36721
333,36720
333,36719
333,36718
333,36717
333,36716
333,36715
333,36714
333,36713
333,36712
333,36711
333,36710
333,36709
333,36708
333,36707
333,36706
333,36705
333,36704
333,36703
333,36702
333,36701
333,36700
333,36699
333,36698
333,36697
333,36696
333,36695
333,36694
333,36693
333,36692
333,36691
333,36690
333,36689
333,36688
333,36687
333,36686
333,36685
333,36684
333,36683
333,36682
333,36681
333,36680
333,36679
333,36678
333,36677
333,36676
333,36675
333,36674
333,36673
333,36672
333,36671
333,36670
333,36669
333,36668
333,36667
333,36666
333,36665
333,36664
333,36663
333,36662
333,36661
333,36660
333,36659
333,36658
333,36657
333,36656
333,36655
333,36654
333,36653
333,36652
333,36651
333,36650
333,36649
333,36648
333,36647
333,36646
333,36645
333,36644
333,36643
333,36642
